BasicParam:
  framerate: 30
  res_width: 480
  res_height: 480
  vertical_flip: True
  horizontal_flip: False


CalibrationParam:
  rms_error: 0.25910316506464426
  camera_intrinsic_matrix: [[775.8910599, 0, 341.21370092],[ 0, 777.11577596, 314.51659912],[ 0, 0, 1]]
  distortion_param: [[0.09124792 ,-0.3005198, 0.00173526, 0.00595829, -0.02196629]]
  undistorted_camera_intrinsic_matrix: [[768.57531738, 0, 345.01310437],[ 0, 764.54937744, 314.77446527],[ 0, 0, 1]]
  roi: [6, 7, 630, 624] #x,y,w,h



